﻿regiao;estado;municipio;coduf;codmun;codRegiaoSaude;nomeRegiaoSaude;data;semanaEpi;populacaoTCU2019;casosAcumulado;casosNovos;obitosAcumulado;obitosNovos;Recuperadosnovos;emAcompanhamentoNovos
Brasil;;;76;;;;25/02/2020;9;210147125;0;0;0;0;;
Brasil;;;76;;;;26/02/2020;9;210147125;1;1;0;0;;
Brasil;;;76;;;;27/02/2020;9;210147125;1;0;0;0;;
Brasil;;;76;;;;28/02/2020;9;210147125;1;0;0;0;;
Brasil;;;76;;;;29/02/2020;9;210147125;2;1;0;0;;
Brasil;;;76;;;;01/03/2020;10;210147125;2;0;0;0;;
Brasil;;;76;;;;02/03/2020;10;210147125;2;0;0;0;;
Brasil;;;76;;;;03/03/2020;10;210147125;2;0;0;0;;
Brasil;;;76;;;;04/03/2020;10;210147125;3;1;0;0;;
Brasil;;;76;;;;05/03/2020;10;210147125;7;4;0;0;;
Brasil;;;76;;;;06/03/2020;10;210147125;13;6;0;0;;
Brasil;;;76;;;;07/03/2020;10;210147125;19;6;0;0;;
Brasil;;;76;;;;08/03/2020;11;210147125;25;6;0;0;;
Brasil;;;76;;;;09/03/2020;11;210147125;25;0;0;0;;
Brasil;;;76;;;;10/03/2020;11;210147125;34;9;0;0;;
Brasil;;;76;;;;11/03/2020;11;210147125;52;18;0;0;;
Brasil;;;76;;;;12/03/2020;11;210147125;77;25;0;0;;
Brasil;;;76;;;;13/03/2020;11;210147125;98;21;0;0;;
Brasil;;;76;;;;14/03/2020;11;210147125;121;23;0;0;;
Brasil;;;76;;;;15/03/2020;12;210147125;200;79;0;0;;
Brasil;;;76;;;;16/03/2020;12;210147125;234;34;0;0;;
Brasil;;;76;;;;17/03/2020;12;210147125;291;57;1;1;;
Brasil;;;76;;;;18/03/2020;12;210147125;428;137;4;3;;
Brasil;;;76;;;;19/03/2020;12;210147125;621;193;6;2;;
Brasil;;;76;;;;20/03/2020;12;210147125;904;283;11;5;;
Brasil;;;76;;;;21/03/2020;12;210147125;1128;224;18;7;;
Brasil;;;76;;;;22/03/2020;13;210147125;1546;418;25;7;;
Brasil;;;76;;;;23/03/2020;13;210147125;1891;345;34;9;;
Brasil;;;76;;;;24/03/2020;13;210147125;2201;310;46;12;;
Brasil;;;76;;;;25/03/2020;13;210147125;2433;232;57;11;;
Brasil;;;76;;;;26/03/2020;13;210147125;2915;482;77;20;;
Brasil;;;76;;;;27/03/2020;13;210147125;3417;502;92;15;;
Brasil;;;76;;;;28/03/2020;13;210147125;3903;486;114;22;;
Brasil;;;76;;;;29/03/2020;14;210147125;4256;353;136;22;;
Brasil;;;76;;;;30/03/2020;14;210147125;4579;323;159;23;;
Brasil;;;76;;;;31/03/2020;14;210147125;5717;1138;201;42;;
Brasil;;;76;;;;01/04/2020;14;210147125;6834;1117;241;40;;
Brasil;;;76;;;;02/04/2020;14;210147125;7910;1076;299;58;;
Brasil;;;76;;;;03/04/2020;14;210147125;9056;1146;359;60;;
Brasil;;;76;;;;04/04/2020;14;210147125;10278;1222;432;73;;
Brasil;;;76;;;;05/04/2020;15;210147125;11130;852;486;54;;
Brasil;;;76;;;;06/04/2020;15;210147125;12056;926;553;67;;
Brasil;;;76;;;;07/04/2020;15;210147125;13717;1661;667;114;;
Brasil;;;76;;;;08/04/2020;15;210147125;15927;2210;800;133;;
Brasil;;;76;;;;09/04/2020;15;210147125;17857;1930;941;141;;
Brasil;;;76;;;;10/04/2020;15;210147125;19638;1781;1056;115;;
Brasil;;;76;;;;11/04/2020;15;210147125;20727;1089;1124;68;;
Brasil;;;76;;;;12/04/2020;16;210147125;22169;1442;1223;99;;
Brasil;;;76;;;;13/04/2020;16;210147125;23430;1261;1328;105;;
Brasil;;;76;;;;14/04/2020;16;210147125;25262;1832;1532;204;;
Brasil;;;76;;;;15/04/2020;16;210147125;28320;3058;1736;204;;
Brasil;;;76;;;;16/04/2020;16;210147125;30425;2105;1924;188;;
Brasil;;;76;;;;17/04/2020;16;210147125;33682;3257;2141;217;;
Brasil;;;76;;;;18/04/2020;16;210147125;36599;2917;2347;206;;
Brasil;;;76;;;;19/04/2020;17;210147125;38654;2055;2462;115;22130;14062
Brasil;;;76;;;;20/04/2020;17;210147125;40581;1927;2575;113;22991;15015
Brasil;;;76;;;;21/04/2020;17;210147125;43079;2498;2741;166;24325;16013
Brasil;;;76;;;;22/04/2020;17;210147125;45757;2678;2906;165;25318;17533
Brasil;;;76;;;;23/04/2020;17;210147125;49492;3735;3313;407;26573;19606
Brasil;;;76;;;;24/04/2020;17;210147125;52995;3503;3670;357;27655;21670
Brasil;;;76;;;;25/04/2020;17;210147125;58509;5514;4016;346;29160;25333
Brasil;;;76;;;;26/04/2020;18;210147125;61888;3379;4205;189;30152;27531
Brasil;;;76;;;;27/04/2020;18;210147125;66501;4613;4543;338;31142;30816
Brasil;;;76;;;;28/04/2020;18;210147125;71886;5385;5017;474;32544;34325
Brasil;;;76;;;;29/04/2020;18;210147125;78162;6276;5466;449;34132;38564
Brasil;;;76;;;;30/04/2020;18;210147125;85380;7218;5901;435;35935;43544
Brasil;;;76;;;;01/05/2020;18;210147125;91299;5919;6329;428;38039;47221
Brasil;;;76;;;;02/05/2020;18;210147125;96396;5097;6724;395;40937;48872
Brasil;;;76;;;;03/05/2020;19;210147125;101147;4751;7025;301;42991;51131
Brasil;;;76;;;;04/05/2020;19;210147125;107780;6633;7321;296;45186;55273
Brasil;;;76;;;;05/05/2020;19;210147125;114715;6935;7921;600;48221;58573
Brasil;;;76;;;;06/05/2020;19;210147125;125218;10503;8535;614;51370;65312
Brasil;;;76;;;;07/05/2020;19;210147125;135106;9888;9146;611;55350;70610
Brasil;;;76;;;;08/05/2020;19;210147125;145328;10222;9895;749;59297;76134
Brasil;;;76;;;;09/05/2020;19;210147125;155939;10611;10627;732;61685;83627
Brasil;;;76;;;;10/05/2020;20;210147125;162699;6760;11123;496;64957;86619
Brasil;;;76;;;;11/05/2020;20;210147125;168331;5632;11519;396;67384;89429
Brasil;;;76;;;;12/05/2020;20;210147125;177589;9258;12400;881;72597;92593
Brasil;;;76;;;;13/05/2020;20;210147125;188974;11385;13149;749;78424;97402
Brasil;;;76;;;;14/05/2020;20;210147125;202918;13944;13993;844;79479;109446
Brasil;;;76;;;;15/05/2020;20;210147125;218223;15305;14817;824;84970;118436
Brasil;;;76;;;;16/05/2020;20;210147125;233142;14919;15633;816;89672;127837
Brasil;;;76;;;;17/05/2020;21;210147125;241080;7938;16118;485;94122;130840
Brasil;;;76;;;;18/05/2020;21;210147125;254220;13140;16792;674;100459;136969
Brasil;;;76;;;;19/05/2020;21;210147125;271628;17408;17971;1179;106794;146863
Brasil;;;76;;;;20/05/2020;21;210147125;291579;19951;18859;888;116683;156037
Brasil;;;76;;;;21/05/2020;21;210147125;310087;18508;20047;1188;125960;164080
Brasil;;;76;;;;22/05/2020;21;210147125;330890;20803;21046;999;135430;174412
Brasil;;;76;;;;23/05/2020;21;210147125;347398;16508;22013;967;142587;182798
Brasil;;;76;;;;24/05/2020;22;210147125;363211;15813;22666;653;149911;190634
Brasil;;;76;;;;25/05/2020;22;210147125;374898;11687;23473;807;153833;197592
Brasil;;;76;;;;26/05/2020;22;210147125;391222;16324;24512;1039;158593;208117
Brasil;;;76;;;;27/05/2020;22;210147125;411821;20599;25598;1086;166647;219576
Brasil;;;76;;;;28/05/2020;22;210147125;438238;26417;26754;1156;177604;233880
Brasil;;;76;;;;29/05/2020;22;210147125;465166;26928;27878;1124;189476;247812
Brasil;;;76;;;;30/05/2020;22;210147125;498440;33274;28834;956;200892;268714
Brasil;;;76;;;;31/05/2020;23;210147125;514200;15760;29314;480;206555;278331
Brasil;;;76;;;;01/06/2020;23;210147125;526447;12247;29937;623;211080;285430
Brasil;;;76;;;;02/06/2020;23;210147125;555383;28936;31199;1262;223638;300546
Brasil;;;76;;;;03/06/2020;23;210147125;584016;28633;32548;1349;238617;312851
Brasil;;;76;;;;04/06/2020;23;210147125;614941;30925;34021;1473;254963;325957
Brasil;;;76;;;;05/06/2020;23;210147125;645771;30830;35026;1005;266940;343805
Brasil;;;76;;;;06/06/2020;23;210147125;672846;27075;35930;904;277149;359767
Brasil;;;76;;;;07/06/2020;24;210147125;691758;18912;36455;525;283952;371351
Brasil;;;76;;;;08/06/2020;24;210147125;707412;15654;37134;679;290040;380238
Brasil;;;76;;;;09/06/2020;24;210147125;739503;32091;38406;1272;311064;390033
Brasil;;;76;;;;10/06/2020;24;210147125;772416;32913;39680;1274;325395;407341
Brasil;;;76;;;;11/06/2020;24;210147125;802828;30412;40919;1239;345595;416314
Brasil;;;76;;;;12/06/2020;24;210147125;828810;25982;41828;909;365063;421919
Brasil;;;76;;;;13/06/2020;24;210147125;850514;21704;42720;892;379245;428549
Brasil;;;76;;;;14/06/2020;25;210147125;867624;17110;43332;612;388492;435800